0 0 0 0 
-0.8111281307123257 -0.58486849425074 -1.1659760122976077 1.6170403306164653 
-0.06295604728047109 0.08314344743931454 -0.014427555665746978 -0.011160902290297382 
0.27379218320500004 0.1954599337883397 0.09159652962556679 -0.131917117474372 


0 0 0 0 
-0.8111688488408836 -0.584812019943294 -1.1666443078246165 1.6182046331342943 
-0.06259097970095076 0.08313398905082106 -0.01524734785980789 -0.011227326967063491 
0.27380115978993763 0.19580456742436536 0.09170156325561186 -0.13306120841425562 


0 0 0 0 
-0.8253514720192099 -0.5646192944238828 -1.1036933499238215 1.613361321537771 
-0.05594201916919879 0.08081640316753909 -0.01656458117857137 -0.010735646249359824 
0.26151006650100933 0.17031226423420096 0.08049201360890475 -0.12644816971474487 


0 0 0 0 
-0.8289433970149734 -0.5593324990962674 -1.0450242724846444 1.5487495752458125 
-0.04747975420026994 0.07157163917993951 -0.02223972798809496 -0.015512610079177333 
0.22513184827136434 0.1480650319853951 0.07010068846802238 -0.10977208905573968 


0 0 0 0 
-0.8575260580805514 -0.514440530783521 -0.9086241753376176 1.5145947115932767 
-0.048347544601689586 0.0597009261035944 -0.030522746898861534 -0.008243785757658625 
0.19351410527937132 0.11009403368186416 0.05064555300216689 -0.0949179879130381 


0 0 0 0 
-0.8859731439991505 -0.4637365503303146 -0.7668587992534464 1.4650911188562732 
-0.029428771607864817 0.05761625662453972 -0.02237480184279252 -0.019246758079599444 
0.1606186178515651 0.08344899455456552 0.04330651677987721 -0.08025405664754265 


0 0 0 0 
-0.8989951148736549 -0.437958654935947 -0.7039067090769102 1.4449050969879424 
-0.0215687282403573 0.0503382095832537 -0.02488357599654702 -0.02057159258181664 
0.13948906219960316 0.06503733194154226 0.03398372714776265 -0.07238674065401941 


0 0 0 0 
0.9557577764273241 0.2941548449349385 0.4183592573661817 -1.3593184693474196 
0.017432450878291428 -0.03701968198715604 0.025779139749526198 0.006954860815922692 
-0.09560049163020519 -0.034451634966285304 -0.015704196830936695 0.049158793067287154 


0 0 0 0 
-0.9802426920505593 -0.19779854570110558 -0.25981168503124813 1.28756510650017 
-0.011852787388973619 0.02993162708962184 -0.021264412972266375 -0.0032110793465048052 
0.06738679928168194 0.012678880815157494 0.007015946241105121 -0.039436101443916224 


0 0 0 0 
0.9989703708154677 0.045367369692402085 0.05423660932784071 -1.194267291653909 
0.0006071642845120413 -0.02383213353048962 0.017314541034520185 0.0023314427824018768 
-0.04443487174604485 -0.002310358207078131 0.0009875087269444719 0.026838922297526366 


0 0 0 0 
0.9995845791106052 -0.028821332451401952 -0.03180049568035903 -1.1029082414478741 
0.003208867756502318 -0.01650817209282435 0.012416843112630065 0.0014929603471622555 
-0.019263298082294836 -0.0025016028729612015 -0.0004706546660630076 0.017813828365133615 


0 0 0 0 
-0.9982910944388782 -0.05843706669594967 -0.05897105299279037 1.0074132799767332 
0.0011888383816379107 0.003967948684579641 -0.0008168863580318312 -0.0023765419954405046 
-0.000645258219665574 0.0017217739763771768 -0.00038007527797385727 -0.004444197888321728 


0 0 0 0 
0.9480186389969728 -0.3182148018466881 -0.3154490948766648 -0.9397791047503882 
0.002016469195414968 0.004149195512489608 -0.0003427850738611885 0.001517755382268202 
0.0017150162578036237 0.0015472569192845709 0.0013854331971734403 0.0002186069689401737 


0 0 0 0 
0.9924735668174844 -0.12245905098677128 -0.12599241597366537 -1.0211098441947246 
0.007621390352665081 0.005978218352473901 -0.007378478404354687 0.0001394563684118558 
-0.004359285977778124 0.000600350671178918 0.00038304291197704704 0.008982406144372738 


0 0 0 0 
0.9857223410522968 -0.16837893677767274 -0.17893089852214886 -1.047495533308482 
0.004287827094757547 0.011099284223236932 -0.012081956379862912 0.0034812378248235787 
-0.013947990652930505 -0.00043405656595677064 -0.0014696557681261736 0.011839615449118884 


0 0 0 0 
0.9780866479190323 -0.20819824485934338 -0.2381728959932431 -1.1189034260331088 
0.010236396244817647 0.017545633253835784 -0.01752422635310548 0.0029229501322689502 
-0.0263761601465138 0.006023345701326882 0.004740960299690165 0.021462068952831113 


0 0 0 0 
-0.9489193222691754 0.3155188105711117 0.39076910928791053 1.1752337607955088 
-0.01234565475731189 -0.025850211153586336 0.013924420837528506 -0.005961978245292363 
0.049872491019073296 -0.02003723994022127 -0.009580503536473294 -0.029922170266113 


0 0 0 0 
-0.9325905256760433 0.36093615975582305 0.4697906578185407 1.213849886442747 
-0.016114088795466778 -0.029477425860139773 0.016260733617446434 -0.007213736818771652 
0.0641982226737569 -0.028154811182910584 -0.01296240404640133 -0.036527588976188165 


0 0 0 0 
0.9259042485091524 -0.3777582859352023 -0.5150520952144283 -1.262418167696741 
0.01967681877339897 0.03178297050135315 -0.021894478408649786 0.008197996460392402 
-0.07803937569354406 0.03180732439972716 0.015951879222367175 0.04279613579682081 


0 0 0 0 
0.8971366206233506 -0.44175319346498726 -0.6379236510733883 -1.2955303481808316 
0.018646717023864095 0.040056563386331255 -0.02443518812429053 0.012221259624360815 
-0.09930579826366089 0.04835368774037045 0.022322054860284588 0.0507870587373521 


0 0 0 0 
-0.8998832634381726 0.4361308429632835 0.6435633500833429 1.327885649561723 
-0.02468107738150831 -0.040823434837527914 0.024765391757637333 -0.011767393693446003 
0.10482586309594694 -0.0512325132401179 -0.025182176356127878 -0.05256465529714431 


0 0 0 0 
0.8883294036170762 -0.45920678421527017 -0.6907604199638748 -1.3362668257556312 
0.025349682051206905 0.0417203921956841 -0.02547008755416558 0.012148322600224934 
-0.11003153265330032 0.05129825117042947 0.026217426182863022 0.05642888366971502 


0 0 0 0 
0.880821573959422 -0.47344836555599906 -0.7460615097537783 -1.3880015670138348 
0.03130787325464686 0.049790681662507566 -0.031929863111605526 0.010132343577101653 
-0.13318735756214278 0.06916800609186816 0.02969429127640055 0.06901465368313513 


0 0 0 0 
0.8660281795823218 -0.49999519214621435 -0.8101506785833966 -1.4032401278686457 
0.031585640683859446 0.05638616500903117 -0.025944022393364383 0.014592591385111592 
-0.14607550067392605 0.08022359562678044 0.036379042345062 0.07134021844013703 


0 0 0 0 
0.8539169982179676 -0.5204092237407165 -0.8670508204966831 -1.4227062092001623 
0.03694832907460044 0.05831496711006495 -0.02362823358258918 0.014727348791624007 
-0.16083011137387884 0.09274083883351794 0.04318621023723993 0.07912873539848693 


0 0 0 0 
0.8491896960626963 -0.5280879283802514 -0.8989464500840516 -1.4455472691166007 
0.04078563334049015 0.05575793781640492 -0.0305588305136953 0.010140547104308959 
-0.1736730639032713 0.10435032965386613 0.046468461236622995 0.08515247631144619 


0 0 0 0 
0.8311387645735278 -0.5560650627608159 -0.9801511518837923 -1.4650113305579546 
0.04345403199621226 0.06197299642877562 -0.021819908129514256 0.014652693950895164 
-0.19517966062494257 0.12290966155397677 0.057684062377166716 0.09390814352111924 


0 0 0 0 
0.8224710190009005 -0.5688070172770557 -1.0256630009753005 -1.4830655528864283 
0.053139771381875235 0.06254071960339434 -0.025375618905233314 0.008450198492290397 
-0.20096378619682143 0.13718800151528332 0.06199587991024791 0.09871248164807901 


0 0 0 0 
0.8038034918515792 -0.5948949037327584 -1.0936338363892333 -1.4776840261714583 
0.05677820306910842 0.06690438639688588 -0.023179707779730902 0.006704040409733458 
-0.21521442476850358 0.15134075792480864 0.06864179933733616 0.10450746949623169 


0 0 0 0 
0.8065624636426213 -0.5911488748553488 -1.1057924552748917 -1.5087412408966885 
0.054744053155589306 0.07073027199242282 -0.018035565344059448 0.014366902355046424 
-0.22250738409661547 0.16266343247652096 0.0750333681873952 0.10739931787937124 


0 0 0 0 
0.807769792160903 -0.5894980601090486 -1.118526905332409 -1.5326806091263485 
0.05970153495646754 0.06921038003393179 -0.023748598582227543 0.006703810569493699 
-0.2399824771858228 0.1651660649862362 0.0746044925096087 0.11318624653313536 


0 0 0 0 
0.7951892799975019 -0.6063612858494961 -1.1711826715705334 -1.5359026492711856 
0.05907159272556666 0.07460564831287597 -0.020795565456534486 0.014843148306335093 
-0.23953765198267588 0.1782328913741918 0.0830931606 0.11506457578040423 


0 0 0 0 
0.7951278775584096 -0.6064418012715306 -1.1774448340276704 -1.5437906982328042 
0.06540423789177503 0.0717221034568083 -0.02155862888225573 0.006043094220211908 
-0.24573019057007234 0.18363865399333543 0.08488806440514807 0.11911488935841286 


0 0 0 0 
-0.7916543264385828 0.6109692524432582 1.1959430599180798 1.5496254414967854 
-0.06099846762102882 -0.07797118071418063 0.016394610473412584 -0.012875657902448878 
0.2540251516965411 -0.19596017579254144 -0.08945817739964648 -0.12313163896041815 


0 0 0 0 
0.7927290442414162 -0.6095741648200739 -1.206598075209868 -1.5691369387791883 
0.06686556919436847 0.07937279390571857 -0.021303153153891644 0.006400376871688522 
-0.2635910669571837 0.19641119600117138 0.08999934367878484 0.12711027738818717 


0 0 0 0 
0.7910830980647582 -0.611708698610919 -1.216614615197293 -1.5733686003267149 
0.0689847042392094 0.07750004137865227 -0.020323344894286808 0.004799001082950888 
-0.2680418256746141 0.196479836079501 0.09002958231878463 0.1273516800831533 


0 0 0 0 
0.7910366755336812 -0.6117687291457626 -1.2246114103192547 -1.5834620056376685 
0.06418355943988763 0.08109635224636955 -0.01504394091500302 0.011930117668226955 
-0.26999186107053097 0.19943644536565955 0.09482543333388643 0.13007098760890962 


0 0 0 0 
0.7909763756680489 -0.6118466908752855 -1.2251412245088487 -1.5838244774311445 
0.06400105318169019 0.08137836811942681 -0.015133500587781954 0.012028873060291975 
-0.27026979695708625 0.19972643337301316 0.09478242723234787 0.13022788686001732 


0 0 0 0 
0.7912993150100508 -0.611428977122138 -1.192211149723962 -1.5429361404562039 
0.06286416034358633 0.07658799788637558 -0.014924843471196537 0.01299027684154797 
-0.2508352354144639 0.1917979411906647 0.08960569132268184 0.12134538923767337 


0 0 0 0 
0.8228451980328231 -0.5682655893808144 -1.0268594131648827 -1.4868863309111935 
0.0523069755533349 0.06195162145102708 -0.0256055373860089 0.00795313537346605 
-0.20351070590006473 0.1397574826269281 0.06275345475206706 0.10057390325188346 


0 0 0 0 
0.8470606285773157 -0.5314962761056775 -0.9043870615688109 -1.4413472065368718 
0.04281592039150713 0.053957933817230914 -0.028388699588012472 0.008878383273146606 
-0.17265452772746165 0.10638606874326041 0.047682675638328065 0.08609695251027177 


0 0 0 0 
0.8678838647513524 -0.49676714595900584 -0.7943097179598776 -1.3877097014975763 
0.031263666935404985 0.05091392241915354 -0.025700559255555238 0.015141823559019411 
-0.13644214540655925 0.08007218605589482 0.03780408862447799 0.06957625474028946 


0 0 0 0 
0.8760788266050958 -0.4821679059977332 -0.7436742606421601 -1.3512248856373668 
0.022777733156445164 0.04908528807962793 -0.02155402801980754 0.017929503122051056 
-0.1180373408796304 0.06511985027319839 0.03259576177139789 0.058625042899777734 


0 0 0 0 
0.9047494228467386 -0.4259442238820632 -0.6074775068555271 -1.2903448219363411 
0.019055511770876894 0.038091222831055864 -0.021463369192767826 0.010372799335361423 
-0.08983692531330809 0.03906620149172117 0.019174433460619335 0.04865201314279141 


0 0 0 0 
0.9436508220297416 -0.330942783699226 -0.4315749175126491 -1.2305934612804845 
0.010395152720506423 0.03091496788255018 -0.018637112598327413 0.008064008549020615 
-0.06721007199877556 0.023206713797599487 0.010632965774156844 0.03731727294307829 


0 0 0 0 
0.9644562714962268 -0.2642425029619505 -0.31789645179860165 -1.160287323904541 
0.01195909383118094 0.02050106603035376 -0.016774441357771435 0.0033664912331547903 
-0.03953575554222316 0.011088170326596192 0.0076875074045229886 0.02692666908527612 


0 0 0 0 
0.9866907244774903 -0.16260816163429623 -0.1781668303974613 -1.0810992338631271 
0.004796552270509396 0.01597476183797079 -0.012569425763543784 0.0031316665079197756 
-0.02355958868843653 -7.287218917761691e-05 0.001361442079835753 0.0156364085396522 


0 0 0 0 
-0.7987150966773592 -0.601709393594347 -0.6053159350912124 0.8035024561086827 
-0.004365082283255742 0.003008265947334892 -0.0010944069483521924 -0.0028993201826028507 
0.0026737588564718965 -0.0017111263371362732 -0.003652651780511378 -0.0008270708519563919 


0 0 0 0 
0.9123494510023441 -0.4094123584550436 -0.40602888979876567 -0.9048096058870485 
0.0017367206961324013 0.0047691337254464295 3.295496739763454e-05 0.0003276134557763626 
0.0008432938474726373 0.002017711061793305 0.0005140716439415103 0.0005245865690674302 


0 0 0 0 
-0.9999874077826404 0.005018393782427595 0.005190405418484917 1.0342632094647897 
0.00027004640830989454 0.006016508998795723 -0.00858808448379819 -0.00289052944622122 
0.0010161438581645895 0.0006954868756100556 -0.001138590428379088 -0.007919273758352064 


0 0 0 0 
0.9999984718911796 0.0017482034507766942 0.0019307741674398553 -1.1044316473285865 
0.003436841750634837 -0.01668018021362353 0.013099334079930147 0.0020937620308999847 
-0.02127404288415386 -0.0034343790029246284 0.0005439144493394158 0.01798435933607757 


0 0 0 0 
-0.9993792399167236 -0.03522974344885096 -0.04146593440661785 1.1762842970993603 
-0.0042781737689282905 0.02906559237795386 -0.013376827759890181 -0.001064386138472812 
0.03695270410661396 -0.001405293784681934 -0.0015859816550725073 -0.024293883222450706 


0 0 0 0 
-0.9956473014697916 -0.09320113237467571 -0.11609784644310553 1.240247887255721 
-0.005142958068523426 0.027435252019197984 -0.015254201307011755 -0.0010551741188591518 
0.05066383633980832 0.0018581291517472183 0.0015851270677059517 -0.03155195526633941 


0 0 0 0 
-0.984141374612219 -0.17738589226985393 -0.23220912420868134 1.2883020389726243 
-0.00827191468515534 0.032978950838941645 -0.01769976565174308 -0.0029173955616788967 
0.06542174997681524 0.008678230457211444 0.004314220792597348 -0.038608772112832104 


0 0 0 0 
-0.9755912090900967 -0.21959461001154618 -0.3008265176591415 1.336479552362483 
-0.00814611182488262 0.03564926047213834 -0.022812399767043186 -0.00637706638159645 
0.07899100228278198 0.01733145435016176 0.0076917354265054454 -0.04530161693164069 


0 0 0 0 
0.9538075801030865 0.3004182087322501 0.42685930565846675 -1.355249547265139 
0.016096036964056266 -0.04083721484953456 0.02214846682952502 0.007296122002945313 
-0.09666376407391405 -0.03263362829566764 -0.014541724271879768 0.05050661418616613 


0 0 0 0 
-0.9377751575712703 -0.3472430760176209 -0.5148855326885408 1.3905154483876927 
-0.019740479100364798 0.04365887313292041 -0.026095833132525927 -0.008303228284114176 
0.10895479844816099 0.03529144714489858 0.01705173469936975 -0.055159879671301905 


0 0 0 0 
0.9279739773375038 0.3726450018240065 0.5700047118739653 -1.419446220906552 
0.01565376511909025 -0.05008842911617807 0.020187216823010643 0.01872503897458288 
-0.12443158626022376 -0.054761727908765795 -0.030855342073796786 0.06037319296246403 


0 0 0 0 
0.9104605724868917 0.4135958727391283 0.6526757916918363 -1.436754121883835 
0.02731213028982164 -0.051139535587609135 0.024623146389386688 0.009454476532957792 
-0.1373068414679473 -0.06413721297997829 -0.030125720099212567 0.06809619737676989 


0 0 0 0 
-0.9002847979497832 -0.4353013698353339 -0.7058206873651095 1.4597694354916673 
-0.03327417536719596 0.053852550782988576 -0.028017396790802666 -0.006284203587819919 
0.151280811885872 0.07363170103746523 0.031889866828057105 -0.0774945320570398 


0 0 0 0 
-0.8891079601851748 -0.457697536737262 -0.7635379562109451 1.4832233522820324 
-0.03226805627570492 0.05812974999900191 -0.02496744752276278 -0.014107802442198157 
0.1649640229156793 0.08606055230585737 0.039697617217702943 -0.08181300362551935 


0 0 0 0 
-0.8813229055784563 -0.4725144824264623 -0.8082564913006646 1.507541008495143 
-0.04178912176723959 0.05680331636292466 -0.032218262146770066 -0.00800984088552064 
0.1783476514033333 0.09124113230032208 0.04083665787363021 -0.08800899487053429 


0 0 0 0 
-0.8668681238147872 -0.4985375170574735 -0.8744017271344441 1.5204291727839225 
-0.04189811541928728 0.06062973421269823 -0.027713533650815265 -0.006901575475809928 
0.1916400264935623 0.10284170607781798 0.0473080797593278 -0.09588844847344158 


0 0 0 0 
-0.8677226062756622 -0.497048768792532 -0.8858332639488873 1.5464429182405697 
-0.036274560988839 0.06869971265001047 -0.024847973849011665 -0.015271975957637724 
0.20509470655193124 0.1148867411406365 0.05166502807617075 -0.09962611183200229 


0 0 0 0 
-0.854525552169638 -0.5194093575294686 -0.9471518856779745 1.5582420231071126 
-0.04681322020838744 0.06898435754429132 -0.02369378748871873 -0.014149650338307812 
0.2157094815145534 0.12790207861881692 0.060296857137367973 -0.10538015779940287 


0 0 0 0 
-0.8436397733229082 -0.5369096133127739 -0.9927822890114643 1.5599471577587851 
-0.05051273449274929 0.06930273120633357 -0.026738246015402884 -0.00798674725269554 
0.22849874471021897 0.1388969251499004 0.06320515372113249 -0.10985741128201593 


0 0 0 0 
-0.8434370102694685 -0.5372280797833455 -1.0215697329320257 1.603843420979497 
-0.05855659781573282 0.07238809427707016 -0.02606306213363289 -0.0059957999853847 
0.24563397955141164 0.14975601532593302 0.06926091468197884 -0.11864066462008586 


0 0 0 0 
0.8392506589627169 0.5437447300256304 1.0415353796710758 -1.607572828670415 
0.05298981611792641 -0.07828857935167828 0.01902392224266399 0.012773770505564101 
-0.25060523366750787 -0.16198413571502224 -0.07396012261721897 0.12048480613010998 


0 0 0 0 
-0.8273362321514233 -0.561707004557969 -1.088675999894645 1.6035069751272177 
-0.058782732839201074 0.07822444101894722 -0.023291938308058188 -0.005800997785738912 
0.25736140380685457 0.16891812068978404 0.07688938263851382 -0.12458667267629986 


0 0 0 0 
-0.8284293698086101 -0.5600935450784174 -1.1008846720165562 1.6283087050091718 
-0.05872981826461135 0.07988083435758203 -0.019188372174257482 -0.012622753260728621 
0.26365612776886443 0.1738672326852096 0.08095498148597775 -0.1267398592462075 


0 0 0 0 
-0.8287059490074985 -0.5596842414072258 -1.104849369106863 1.6359139264559914 
-0.06461440589027918 0.07844096006424832 -0.023694668449502323 -0.004575798241455449 
0.2714703943719162 0.17759693140432886 0.08275895144986158 -0.13223598415509136 


